XB_GEOM(   1, D,  90.000, 180.000, -90.000,  2,  3,  4,  5,  6,  7) // D  0.000
XB_GEOM(   2, B,  90.000,-163.743,   0.000,  9, 10,  3,  1,  7,  8) // B  0.051
XB_GEOM(   3, C,  73.928,-171.645, -32.656,  2, 10, 11, 12,  4,  1) // C  0.107
XB_GEOM(   4, C,  73.928, 171.645, 212.656, 14,  5,  1,  3, 12, 13) // C  0.107
XB_GEOM(   5, B,  90.000, 163.743, 180.000, 15, 16,  6,  1,  4, 14) // B  0.051
XB_GEOM(   6, C, 106.072, 171.645, 147.344,  5, 16, 17, 18,  7,  1) // C  0.107
XB_GEOM(   7, C, 106.072,-171.645,  32.656,  8,  2,  1,  6, 18, 19) // C  0.107
XB_GEOM(   8, B, 104.686,-153.168,  71.370,  9,  2,  7, 19, 20, 21) // B  0.019
XB_GEOM(   9, A,  90.000,-148.283,   0.000,  2,  8, 21, 22, 10,  0) // A  0.003
XB_GEOM(  10, B,  75.314,-153.168, -71.370,  9, 22, 23, 11,  3,  2) // B  0.019
XB_GEOM(  11, D,  60.000,-159.095,  20.905, 10, 23, 24, 25, 12,  3) // D  0.017
XB_GEOM(  12, C,  59.817, 180.000,  90.000, 25, 26, 13,  4,  3, 11) // C  0.064
XB_GEOM(  13, D,  60.000, 159.095, -20.905, 14,  4, 12, 26, 27, 28) // D  0.017
XB_GEOM(  14, B,  75.314, 153.168, 251.370, 15,  5,  4, 13, 28, 29) // B  0.019
XB_GEOM(  15, A,  90.000, 148.283, 180.000,  5, 14, 29, 30, 16,  0) // A  0.003
XB_GEOM(  16, B, 104.686, 153.168, 108.630, 15, 30, 31, 17,  6,  5) // B  0.019
XB_GEOM(  17, D, 120.000, 159.095,-159.095, 16, 31, 32, 33, 18,  6) // D  0.017
XB_GEOM(  18, C, 120.183, 180.000, 270.000, 33, 34, 19,  7,  6, 17) // C  0.064
XB_GEOM(  19, D, 120.000,-159.095, 159.095,  8,  7, 18, 34, 35, 20) // D  0.017
XB_GEOM(  20, C, 116.612,-138.914, 110.220, 21,  8, 19, 35, 36, 37) // C  0.022
XB_GEOM(  21, B,  99.014,-135.670, 144.998,  9,  8, 20, 37, 38, 22) // B  0.013
XB_GEOM(  22, B,  80.986,-135.670, 215.002,  9, 21, 38, 39, 23, 10) // B  0.013
XB_GEOM(  23, C,  63.388,-138.914, 249.780, 10, 22, 39, 40, 24, 11) // C  0.014
XB_GEOM(  24, C,  47.634,-142.679, 132.588, 41, 25, 11, 23, 40, 59) // C  0.018
XB_GEOM(  25, B,  45.050,-167.209, 115.890, 42, 26, 12, 11, 24, 41) // B  0.024
XB_GEOM(  26, B,  45.050, 167.209,  64.110, 42, 43, 27, 13, 12, 25) // B  0.024
XB_GEOM(  27, C,  47.634, 142.679,  47.412, 26, 43, 63, 44, 28, 13) // C  0.018
XB_GEOM(  28, C,  63.388, 138.914, -69.780, 29, 14, 13, 27, 44, 45) // C  0.014
XB_GEOM(  29, B,  80.986, 135.670, -35.002, 15, 14, 28, 45, 46, 30) // B  0.013
XB_GEOM(  30, B,  99.014, 135.670,  35.002, 15, 29, 46, 47, 31, 16) // B  0.013
XB_GEOM(  31, C, 116.612, 138.914,  69.780, 16, 30, 47, 48, 32, 17) // C  0.022
XB_GEOM(  32, C, 132.366, 142.679, -47.412, 49, 33, 17, 31, 48, 70) // C  0.018
XB_GEOM(  33, B, 134.950, 167.209, -64.110, 50, 34, 18, 17, 32, 49) // B  0.024
XB_GEOM(  34, B, 134.950,-167.209, 244.110, 50, 51, 35, 19, 18, 33) // B  0.024
XB_GEOM(  35, C, 132.366,-142.679, 227.412, 34, 51, 52, 36, 20, 19) // C  0.018
XB_GEOM(  36, C, 125.985,-123.613,  -1.114, 53, 54, 37, 20, 35, 52) // C  0.020
XB_GEOM(  37, D, 108.000,-121.717,  58.283, 21, 20, 36, 54, 55, 38) // D  0.001
XB_GEOM(  38, C,  90.000,-120.183, 180.000, 22, 21, 37, 55, 56, 39) // C  0.013
XB_GEOM(  39, D,  72.000,-121.717, 121.717, 22, 38, 56, 57, 40, 23) // D  0.001
XB_GEOM(  40, C,  54.015,-123.613,   1.114, 57, 58, 59, 24, 23, 39) // C  0.022
XB_GEOM(  41, B,  30.325,-149.860, 172.011, 42, 25, 24, 59, 60, 61) // B  0.018
XB_GEOM(  42, A,  31.717, 180.000, -90.000, 25, 41, 61, 43, 26,  0) // A  0.003
XB_GEOM(  43, B,  30.325, 149.860,   7.989, 42, 61, 62, 63, 27, 26) // B  0.018
XB_GEOM(  44, C,  54.015, 123.613, 178.886, 64, 65, 45, 28, 27, 63) // C  0.022
XB_GEOM(  45, D,  72.000, 121.717,-121.717, 29, 28, 44, 65, 66, 46) // D  0.001
XB_GEOM(  46, C,  90.000, 120.183,   0.000, 30, 29, 45, 66, 67, 47) // C  0.013
XB_GEOM(  47, D, 108.000, 121.717, -58.283, 30, 46, 67, 68, 48, 31) // D  0.001
XB_GEOM(  48, C, 125.985, 123.613, 181.114, 68, 69, 70, 32, 31, 47) // C  0.022
XB_GEOM(  49, B, 149.675, 149.860,  -7.989, 50, 33, 32, 70, 71, 72) // B  0.018
XB_GEOM(  50, A, 148.283, 180.000,  90.000, 33, 49, 72, 51, 34,  0) // A  0.003
XB_GEOM(  51, B, 149.675,-149.860, 187.989, 50, 72, 73, 52, 35, 34) // B  0.018
XB_GEOM(  52, D, 144.000,-121.717, -58.283, 51, 73, 74, 53, 36, 35) // D  0.004
XB_GEOM(  53, B, 133.643,-102.504,  46.296, 75, 54, 36, 52, 74, 99) // B  0.021
XB_GEOM(  54, B, 115.890,-106.368, -25.938, 75, 76, 55, 37, 36, 53) // B  0.016
XB_GEOM(  55, C,  98.026,-106.235, -59.672, 54, 76, 77, 56, 38, 37) // C  0.114
XB_GEOM(  56, C,  81.974,-106.235,  59.672, 78, 57, 39, 38, 55, 77) // C  0.114
XB_GEOM(  57, B,  64.110,-106.368,  25.938, 79, 58, 40, 39, 56, 78) // B  0.016
XB_GEOM(  58, B,  46.357,-102.504, -46.296, 79, 94, 80, 59, 40, 57) // B  0.021
XB_GEOM(  59, D,  36.000,-121.717,-121.717, 41, 24, 40, 58, 80, 60) // D  0.004
XB_GEOM(  60, C,  18.063,-116.764, 175.290, 61, 41, 59, 80, 92, 81) // C  0.114
XB_GEOM(  61, B,  16.257, 180.000, -90.000, 42, 41, 60, 81, 62, 43) // B  0.012
XB_GEOM(  62, C,  18.063, 116.764,   4.710, 43, 61, 81, 90, 89, 63) // C  0.114
XB_GEOM(  63, D,  36.000, 121.717, 121.717, 43, 62, 89, 64, 44, 27) // D  0.004
XB_GEOM(  64, B,  46.357, 102.504, 226.296, 88, 65, 44, 63, 89,110) // B  0.021
XB_GEOM(  65, B,  64.110, 106.368, 154.062, 88, 87, 66, 45, 44, 64) // B  0.016
XB_GEOM(  66, C,  81.974, 106.235, 120.328, 65, 87, 86, 67, 46, 45) // C  0.114
XB_GEOM(  67, C,  98.026, 106.235, 239.672, 85, 68, 47, 46, 66, 86) // C  0.114
XB_GEOM(  68, B, 115.890, 106.368, 205.938, 84, 69, 48, 47, 67, 85) // B  0.016
XB_GEOM(  69, B, 133.643, 102.504, 133.704, 84,105, 83, 70, 48, 68) // B  0.021
XB_GEOM(  70, D, 144.000, 121.717,  58.283, 49, 32, 48, 69, 83, 71) // D  0.004
XB_GEOM(  71, C, 161.937, 116.764,  -4.710, 72, 49, 70, 83,103, 82) // C  0.114
XB_GEOM(  72, B, 163.743, 180.000,  90.000, 50, 49, 71, 82, 73, 51) // B  0.012
XB_GEOM(  73, C, 161.937,-116.764, 184.710, 51, 72, 82,101, 74, 52) // C  0.114
XB_GEOM(  74, C, 149.817, -90.000,  90.000, 99, 53, 52, 73,101,100) // C  0.013
XB_GEOM(  75, A, 121.717, -90.000, -90.000, 53, 99, 98, 76, 54,  0) // A  0.003
XB_GEOM(  76, B, 106.257, -90.000, -90.000, 75, 98, 97, 77, 55, 54) // B  0.051
XB_GEOM(  77, D,  90.000, -90.000, 180.000, 76, 97, 96, 78, 56, 55) // D  0.000
XB_GEOM(  78, B,  73.743, -90.000,  90.000, 79, 57, 56, 77, 96, 95) // B  0.051
XB_GEOM(  79, A,  58.283, -90.000,  90.000, 57, 78, 95, 94, 58,  0) // A  0.003
XB_GEOM(  80, C,  30.183, -90.000, 270.000, 58, 94, 93, 92, 60, 59) // C  0.013
XB_GEOM(  81, D,   0.000,   0.000,   0.000, 61, 60, 92, 91, 90, 62) // D  0.000
XB_GEOM(  82, D, 180.000,   0.000, 180.000, 72, 71,103,102,101, 73) // D  0.000
XB_GEOM(  83, C, 149.817,  90.000,  90.000, 69,105,104,103, 71, 70) // C  0.013
XB_GEOM(  84, A, 121.717,  90.000, 270.000, 68, 85,106,105, 69,  0) // A  0.003
XB_GEOM(  85, B, 106.257,  90.000, 270.000, 84, 68, 67, 86,107,106) // B  0.051
XB_GEOM(  86, D,  90.000,  90.000,-180.000, 85, 67, 66, 87,108,107) // D  0.000
XB_GEOM(  87, B,  73.743,  90.000,  90.000, 88,109,108, 86, 66, 65) // B  0.051
XB_GEOM(  88, A,  58.283,  90.000,  90.000, 64,110,109, 87, 65,  0) // A  0.003
XB_GEOM(  89, C,  30.183,  90.000, -90.000,110, 64, 63, 62, 90,111) // C  0.013
XB_GEOM(  90, C,  18.063,  63.236, 175.290, 91,112,111, 89, 62, 81) // C  0.114
XB_GEOM(  91, B,  16.257,   0.000, 270.000,113,112, 90, 81, 92,114) // B  0.012
XB_GEOM(  92, C,  18.063, -63.236,   4.710,114, 91, 81, 60, 80, 93) // C  0.114
XB_GEOM(  93, D,  36.000, -58.283, 121.717, 94,115,131,114, 92, 80) // D  0.004
XB_GEOM(  94, B,  46.357, -77.496, 226.296, 79, 95,115, 93, 80, 58) // B  0.021
XB_GEOM(  95, B,  64.110, -73.632, 154.062, 79, 78, 96,116,115, 94) // B  0.016
XB_GEOM(  96, C,  81.974, -73.765, 120.328, 95, 78, 77, 97,117,116) // C  0.114
XB_GEOM(  97, C,  98.026, -73.765, 239.672, 76, 98,118,117, 96, 77) // C  0.114
XB_GEOM(  98, B, 115.890, -73.632, 205.938, 75, 99,119,118, 97, 76) // B  0.016
XB_GEOM(  99, B, 133.643, -77.496, 133.704, 75, 53, 74,100,119, 98) // B  0.021
XB_GEOM( 100, D, 144.000, -58.283,  58.283, 99, 74,101,120,136,119) // D  0.004
XB_GEOM( 101, C, 161.937, -63.236,  -4.710,102,120,100, 74, 73, 82) // C  0.114
XB_GEOM( 102, B, 163.743,   0.000,  90.000,121,120,101, 82,103,122) // B  0.012
XB_GEOM( 103, C, 161.937,  63.236, 184.710,122,102, 82, 71, 83,104) // C  0.114
XB_GEOM( 104, D, 144.000,  58.283, -58.283,105,123,139,122,103, 83) // D  0.004
XB_GEOM( 105, B, 133.643,  77.496,  46.296, 84,106,123,104, 83, 69) // B  0.021
XB_GEOM( 106, B, 115.890,  73.632, -25.938, 84, 85,107,124,123,105) // B  0.016
XB_GEOM( 107, C,  98.026,  73.765, -59.672,106, 85, 86,108,125,124) // C  0.114
XB_GEOM( 108, C,  81.974,  73.765,  59.672, 87,109,126,125,107, 86) // C  0.114
XB_GEOM( 109, B,  64.110,  73.632,  25.938, 88,110,127,126,108, 87) // B  0.016
XB_GEOM( 110, B,  46.357,  77.496, -46.296, 88, 64, 89,111,127,109) // B  0.021
XB_GEOM( 111, D,  36.000,  58.283,-121.717,110, 89, 90,112,128,127) // D  0.004
XB_GEOM( 112, B,  30.325,  30.140, 172.011,113,129,128,111, 90, 91) // B  0.018
XB_GEOM( 113, A,  31.717,   0.000, 270.000, 91,114,130,129,112,  0) // A  0.003
XB_GEOM( 114, B,  30.325, -30.140,   7.989,113, 91, 92, 93,131,130) // B  0.018
XB_GEOM( 115, C,  54.015, -56.387, 178.886, 94, 95,116,132,131, 93) // C  0.022
XB_GEOM( 116, D,  72.000, -58.283,-121.717, 95, 96,117,133,132,115) // D  0.001
XB_GEOM( 117, C,  90.000, -59.817,   0.000,134,133,116, 96, 97,118) // C  0.013
XB_GEOM( 118, D, 108.000, -58.283, -58.283, 98,119,135,134,117, 97) // D  0.001
XB_GEOM( 119, C, 125.985, -56.387, 181.114, 98, 99,100,136,135,118) // C  0.022
XB_GEOM( 120, B, 149.675, -30.140,  -7.989,121,137,136,100,101,102) // B  0.018
XB_GEOM( 121, A, 148.283,   0.000,  90.000,102,122,138,137,120,  0) // A  0.003
XB_GEOM( 122, B, 149.675,  30.140, 187.989,121,102,103,104,139,138) // B  0.018
XB_GEOM( 123, C, 125.985,  56.387,  -1.114,105,106,124,140,139,104) // C  0.022
XB_GEOM( 124, D, 108.000,  58.283,  58.283,106,107,125,141,140,123) // D  0.001
XB_GEOM( 125, C,  90.000,  59.817, 180.000,142,141,124,107,108,126) // C  0.013
XB_GEOM( 126, D,  72.000,  58.283, 121.717,109,127,143,142,125,108) // D  0.001
XB_GEOM( 127, C,  54.015,  56.387,   1.114,109,110,111,128,143,126) // C  0.034
XB_GEOM( 128, C,  47.634,  37.321, 132.588,112,129,144,143,127,111) // C  0.018
XB_GEOM( 129, B,  45.050,  12.791, 115.890,113,130,145,144,128,112) // B  0.024
XB_GEOM( 130, B,  45.050, -12.791,  64.110,113,114,131,146,145,129) // B  0.024
XB_GEOM( 131, C,  47.634, -37.321,  47.412,130,114, 93,115,132,146) // C  0.018
XB_GEOM( 132, C,  63.388, -41.086, -69.780,133,147,146,131,115,116) // C  0.022
XB_GEOM( 133, B,  80.986, -44.330, -35.002,148,147,132,116,117,134) // B  0.013
XB_GEOM( 134, B,  99.014, -44.330,  35.002,148,133,117,118,135,149) // B  0.013
XB_GEOM( 135, C, 116.612, -41.086,  69.780,149,134,118,119,136,150) // C  0.014
XB_GEOM( 136, C, 132.366, -37.321, -47.412,120,137,150,135,119,100) // C  0.018
XB_GEOM( 137, B, 134.950, -12.791, -64.110,121,138,151,150,136,120) // B  0.024
XB_GEOM( 138, B, 134.950,  12.791, 244.110,121,122,139,152,151,137) // B  0.024
XB_GEOM( 139, C, 132.366,  37.321, 227.412,138,122,104,123,140,152) // C  0.018
XB_GEOM( 140, C, 116.612,  41.086, 110.220,141,153,152,139,123,124) // C  0.014
XB_GEOM( 141, B,  99.014,  44.330, 144.998,154,153,140,124,125,142) // B  0.013
XB_GEOM( 142, B,  80.986,  44.330, 215.002,154,141,125,126,143,155) // B  0.013
XB_GEOM( 143, C,  63.388,  41.086, 249.780,155,142,126,127,128,144) // C  0.022
XB_GEOM( 144, D,  60.000,  20.905,  20.905,129,145,156,155,143,128) // D  0.017
XB_GEOM( 145, C,  59.817,   0.000,  90.000,129,130,146,157,156,144) // C  0.064
XB_GEOM( 146, D,  60.000, -20.905, -20.905,130,131,132,147,157,145) // D  0.017
XB_GEOM( 147, B,  75.314, -26.832, 251.370,148,158,157,146,132,133) // B  0.019
XB_GEOM( 148, A,  90.000, -31.717, 180.000,133,134,149,158,147,  0) // A  0.003
XB_GEOM( 149, B, 104.686, -26.832, 108.630,148,134,135,150,159,158) // B  0.019
XB_GEOM( 150, D, 120.000, -20.905,-159.095,137,151,159,149,135,136) // D  0.017
XB_GEOM( 151, C, 120.183,   0.000, 270.000,137,138,152,160,159,150) // C  0.064
XB_GEOM( 152, D, 120.000,  20.905, 159.095,138,139,140,153,160,151) // D  0.017
XB_GEOM( 153, B, 104.686,  26.832,  71.370,154,161,160,152,140,141) // B  0.019
XB_GEOM( 154, A,  90.000,  31.717,   0.000,141,142,155,161,153,  0) // A  0.003
XB_GEOM( 155, B,  75.314,  26.832, -71.370,154,142,143,144,156,161) // B  0.019
XB_GEOM( 156, C,  73.928,   8.355, -32.656,161,155,144,145,157,162) // C  0.107
XB_GEOM( 157, C,  73.928,  -8.355, 212.656,147,158,162,156,145,146) // C  0.107
XB_GEOM( 158, B,  90.000, -16.257, 180.000,148,149,159,162,157,147) // B  0.051
XB_GEOM( 159, C, 106.072,  -8.355, 147.344,158,149,150,151,160,162) // C  0.107
XB_GEOM( 160, C, 106.072,   8.355,  32.656,153,161,162,159,151,152) // C  0.107
XB_GEOM( 161, B,  90.000,  16.257,   0.000,154,155,156,162,160,153) // B  0.051
XB_GEOM( 162, D, 90.000, 0.000, 90.000,158,159,160,161,156,157) // D 0.000